25 2.44876212447 21402151
26 2.44171329521 21402151
27 2.43458318124 21402151
28 2.42788555772 21402151
29 2.42089497835 21402151
30 2.41421757505 21402151
31 2.40796155505 21402151
32 2.4020365266 21402151
33 2.39574008742 21420271
34 2.38974027604 21420271
35 2.38383274683 21420271
36 2.37821606065 21420271
37 2.37234952181 21420271
38 2.36710760556 21420271
39 2.36189260519 21420271
40 2.3567370242 21420271
41 2.35153911385 21420271
42 2.34611506546 21420271
43 2.34115578799 21420271
44 2.33630487184 21420271
45 2.33136638663 21420271
46 2.32661255001 21420271
47 2.32199931825 21420271
48 2.31747127993 21420271
49 2.31289402666 21420271
50 2.30857854237 21420271
51 2.30423072084 21420271
52 2.29999368693 21420271
53 2.29578648279 21420271
54 2.29164516896 21420271
55 2.28760315497 21420271
56 2.28358458157 21420271
57 2.27959237629 21420271
58 2.2756215202 21420271
59 2.27182282044 21420271
60 2.26786785176 21420271
61 2.26392725443 21420271
62 2.26016041638 21420271
63 2.25632881544 21420271
64 2.25257807646 21420271
65 2.24889257887 21420271
66 2.24528172029 21420271
67 2.24156733856 21420271
68 2.23786805953 21420271
69 2.23442026134 21420271
70 2.2309991661 21420271
71 2.22747289359 21420271
72 2.22411233531 21462551
73 2.22071511975 21462551
74 2.21729320421 21462551
75 2.21385518535 21462551
76 2.21047338765 21462551
77 2.20712346521 21462551
78 2.20374574802 21462551
79 2.20040753404 21462551
80 2.19691344357 21462551
81 2.19355495491 21462551
82 2.19031173572 21462551
83 2.18706912367 21462551
84 2.18374485324 21462551
85 2.18042893225 21462551
86 2.1771570474 21462551
87 2.17407381363 21462551
88 2.17088574123 21462551
89 2.16762647828 21462551
90 2.1644337259 21462551
91 2.161309677 21462551
92 2.15817525189 21462551
93 2.15495257925 21462551
94 2.15176341481 21462551
95 2.14869397319 21462551
96 2.14558521987 21462551
97 2.14255384281 21462551
98 2.13940437484 21462551
99 2.13634403326 21462551
100 2.1332588218 21462551
101 2.13022743028 21462551
102 2.12725232502 21462551
103 2.12425895535 21462551
104 2.12129472202 21462551
105 2.11830716243 21462551
106 2.11539048877 21462551
107 2.11242026415 21462551
108 2.10951901585 21462551
109 2.10659491616 21462551
110 2.10374601607 21462551
111 2.10081023987 21462551
112 2.09792006943 21462551
113 2.09501789621 21462551
114 2.09215697543 21462551
115 2.08936130262 21462551
116 2.0865438493 21462551
117 2.08371949013 21462551
118 2.08088415289 21462551
119 2.07805946571 21462551
120 2.07524179384 21462551
121 2.0725093158 21462551
122 2.06968120455 21462551
123 2.06679659802 21462551
124 2.06399372476 21462551
125 2.06120888654 21462551
126 2.05844152248 21462551
127 2.05569586121 21462551
128 2.05286731277 21462551
129 2.05014016211 21462551
130 2.04743544794 21462551
131 2.04466230053 21462551
132 2.04204552658 21462551
133 2.03924661351 21462551
134 2.03654157674 21462551
135 2.03383174864 21462551
136 2.03113167281 21462551
137 2.02843336424 21462551
138 2.02575902403 21462551
139 2.02305741596 21462551
140 2.02033334538 21462551
141 2.01766888267 21462551
142 2.0150119274 21462551
143 2.01236139657 21462551
144 2.00966216413 21462551
145 2.00697723749 21462551
146 2.00435268295 21462551
147 2.00180603972 21462551
148 1.99924496911 21740391
149 1.99666131399 21746431
150 1.99405340326 21746431
151 1.99140880177 21746431
152 1.9887833549 21746431
153 1.98613341985 21746431
154 1.98358644079 21746431
155 1.98106965414 21746431
156 1.97849633547 21746431
157 1.9759995124 21746431
158 1.97334032573 21746431
159 1.97073123171 21746431
160 1.96820360109 21746431
161 1.96566507506 21746431
162 1.96311724033 21746431
163 1.96063091684 21746431
164 1.95808835572 21746431
165 1.95554623616 21746431
166 1.95301972664 21746431
167 1.95052692929 21746431
168 1.94805002348 21746431
169 1.94550708459 21746431
170 1.94301663466 21746431
171 1.94051434443 21746431
172 1.93801826059 21746431
173 1.93558368591 21746431
174 1.933065288 21746431
175 1.93063734005 21746431
176 1.92812146549 21746431
177 1.92570384326 21746431
178 1.92318949405 21746431
179 1.9208007488 21746431
180 1.91834974307 21746431
181 1.91591513953 21746431
182 1.91349360386 21746431
183 1.91114188194 21746431
184 1.90870965186 21746431
185 1.90634815434 21746431
186 1.90392463804 21746431
187 1.90153829653 21746431
188 1.89914814028 21746431
189 1.89669286729 21746431
190 1.89433232393 21746431
191 1.89198706012 21746431
192 1.88956888486 21746431
193 1.88722143653 21746431
194 1.88483859272 21746431
195 1.8824074522 21746431
196 1.88004884004 21746431
197 1.87770217928 21746431
198 1.8753551367 21746431
199 1.87297681198 21746431
200 1.87060427076 21746431
201 1.86819164823 21746431
202 1.86583424405 21746431
203 1.8635177681 21746431
204 1.86116553142 21746431
205 1.85881495546 21746431
206 1.8564873502 21746431
207 1.85417605915 21746431
208 1.85187672044 21746431
209 1.84959453052 21746431
210 1.84727176474 21746431
211 1.84498118694 21746431
212 1.84269408572 21746431
213 1.84040011542 21746431
214 1.83810934283 21746431
215 1.83579447907 21746431
216 1.83352925465 21746431
217 1.83123477857 21746431
218 1.8290085231 21746431
219 1.82666561075 21746431
220 1.82440325168 21746431
221 1.82212798739 21746431
222 1.81982712799 21746431
223 1.81751099268 21746431
224 1.81526859359 21746431
225 1.81297454471 21746431
226 1.81072404343 21746431
227 1.80847381252 21746431
228 1.8062662655 21746431
229 1.80404906128 21746431
230 1.80188767595 21746431
231 1.79963156051 21746431
232 1.79742993044 21746431
233 1.79516251915 21746431
234 1.79292936969 21746431
235 1.79071576038 21746431
236 1.78848638391 21746431
237 1.786280331 21746431
238 1.78406405294 21746431
239 1.78184550067 21746431
240 1.77966314248 21746431
241 1.77750571686 21746431
242 1.77531918692 21746431
243 1.77307290297 21746431
244 1.77087217019 21746431
245 1.76870079554 21746431
246 1.76651339603 21746431
247 1.76433508182 21746431
248 1.7622211928 21746431
249 1.76008587846 21746431
250 1.75791952051 21746431
251 1.75579105899 21746431
252 1.75365508971 21746431
253 1.75155800295 21746431
254 1.74938861481 21746431
255 1.74721722759 21746431
256 1.74504506145 21746431
257 1.74288229918 21746431
258 1.74080167495 21746431
259 1.73865471685 21746431
260 1.73653077446 21746431
261 1.73441540511 21746431
262 1.73232777712 21746431
263 1.7302070627 21746431
264 1.72804030359 21746431
265 1.72592106085 21746431
266 1.72384714689 21746431
267 1.72171571549 21746431
268 1.71961046344 21746431
269 1.71752627056 21746431
270 1.71543061213 21746431
271 1.71338424965 21746431
272 1.71128920735 21746431
273 1.70917809886 21746431
274 1.70712464787 21746431
275 1.70498994621 21746431
276 1.70296164647 21746431
277 1.70088844057 21746431
278 1.69881752356 21746431
279 1.69676877104 21746431
280 1.69471125314 21746431
281 1.69263755668 21746431
282 1.69058628278 21746431
283 1.68854516187 21746431
284 1.68653983996 21746431
285 1.6845012238 21746431
286 1.68252060512 21746431
287 1.6805042519 21746431
288 1.67844690268 21746431
289 1.67645036484 21746431
290 1.67449205569 21746431
291 1.67243397083 21746431
292 1.670450252 21746431
293 1.66840440903 21746431
294 1.66639025708 21746431
295 1.66441551873 21746431
296 1.66236441508 21746431
297 1.660371524 21746431
298 1.6584270046 21746431
299 1.65644833268 21746431
300 1.65447541037 21746431
301 1.652474669 21746431
302 1.65053783138 21746431
303 1.64854750465 21746431
304 1.64655573735 21746431
305 1.64456649151 21746431
306 1.64259963781 21746431
307 1.64069317414 21746431
308 1.63872373596 21746431
309 1.63673581071 21746431
310 1.63476125566 21746431
311 1.63281373373 21746431
312 1.63083847887 21746431
313 1.6288871599 21746431
314 1.62695161457 21746431
315 1.62499383328 21746431
316 1.62299740222 21746431
317 1.62104344454 21746431
318 1.61905554454 21746431
319 1.61711761264 21746431
320 1.6152053558 21746431
321 1.6132430403 21746431
322 1.61130782626 21746431
323 1.6094116521 21746431
324 1.60746822842 21746431
325 1.60551930534 21746431
326 1.60364532046 21746431
327 1.60168017785 21746431
328 1.59978532192 21746431
329 1.59790873864 21746431
330 1.59599875386 21746431
331 1.59410777594 21746431
332 1.59221869598 21746431
333 1.59032137568 21746431
334 1.58842646808 21746431
335 1.58656766837 21746431
336 1.5846965996 21746431
337 1.5827671474 21746431
338 1.58089396504 21746431
339 1.57902974095 21746431
340 1.57715433739 21746431
341 1.57528175436 21746431
342 1.57342704741 21746431
343 1.57158280572 21746431
344 1.5697307642 21746431
345 1.56789078307 21746431
346 1.56603722406 21746431
347 1.56421642542 21746431
348 1.56240217664 21746431
349 1.56056057179 21746431
350 1.55870060157 21746431
351 1.55687063362 21746431
352 1.55503678376 21746431
353 1.55321534521 21746431
354 1.55139920143 21746431
355 1.54950435527 21746431
356 1.54764398962 21746431
357 1.54580829667 21746431
358 1.54399972432 21746431
359 1.54216188649 21746431
360 1.54031298219 21746431
361 1.53851064065 21746431
362 1.53670926366 21746431
363 1.534893451 21746431
364 1.53307866758 21746431
365 1.53123569696 21746431
366 1.52946704174 21746431
367 1.52764829409 22428951
368 1.52582605975 22441031
369 1.52402320066 22447071
370 1.52222527259 22453111
371 1.52047212964 22453111
372 1.51865184774 22453111
373 1.5168713196 22453111
374 1.51507418989 22453111
375 1.51328628374 22453111
376 1.51149845375 22453111
377 1.50975425692 22453111
378 1.50790328159 22453111
379 1.50610558123 22453111
380 1.50429672765 22453111
381 1.50255894182 22453111
382 1.50082858849 22453111
383 1.49908380867 22453111
384 1.49737535202 22453111
385 1.49561492612 22453111
386 1.49381638655 22453111
387 1.49210383036 22453111
388 1.49033207738 22453111
389 1.48860169617 22453111
390 1.48684753218 22453111
391 1.48510225252 22453111
392 1.48336735862 22453111
393 1.48166260974 22453111
394 1.47986633569 22453111
395 1.47807804344 22453111
396 1.47638954694 22453111
397 1.47468758808 22453111
398 1.47296105146 22453111
399 1.47124209196 22453111
400 1.46951475061 22453111
401 1.46784742393 22453111
402 1.46614250128 22453111
403 1.4644575304 22453111
404 1.46276904682 22453111
405 1.46107470296 22453111
406 1.45936868064 22453111
407 1.45766803527 22453111
408 1.4560112524 22453111
409 1.45431137065 22453111
410 1.45264930662 22453111
411 1.4509854702 22453111
412 1.44925476845 22453111
413 1.44757097567 22453111
414 1.44587623264 22453111
415 1.44419232883 22453111
416 1.4425158112 22453111
417 1.44080406766 22453111
418 1.43913123959 22453111
419 1.43747147786 22453111
420 1.43576911812 22453111
421 1.43410516303 22453111
422 1.43244122772 22453111
423 1.43076600659 22453111
424 1.42910197994 22453111
425 1.42743221448 22453111
426 1.42579785747 22453111
427 1.42414294479 22453111
428 1.42250820778 22453111
429 1.42083934543 22453111
430 1.41918758658 22453111
431 1.41754753121 22453111
432 1.41589520413 22453111
433 1.4142183666 22453111
434 1.41256887265 22453111
435 1.4109256612 22453111
436 1.40928795361 22453111
437 1.40764419979 22453111
438 1.40605111345 22453111
439 1.40442098793 22453111
440 1.40280723817 22453111
441 1.40116756952 22453111
442 1.39953404078 22453111
443 1.39791304007 22453111
444 1.39629469906 22453111
445 1.39465654465 22453111
446 1.39307162359 22453111
447 1.39147453203 22453111
448 1.38988747958 22453111
449 1.38826693047 22453111
450 1.38669102182 22453111
451 1.38512106911 22453111
452 1.38349950269 22453111
453 1.38189053997 22453111
454 1.38028947987 22453111
455 1.37870764478 22453111
456 1.37710615475 22453111
457 1.37553255572 22453111
458 1.37398040674 22453111
459 1.37239921291 22453111
460 1.37082200583 22453111
461 1.36923321354 22453111
462 1.36765969379 22453111
463 1.3660980228 22453111
464 1.3645318062 22453111
465 1.36294940492 22453111
466 1.3613549513 22453111
467 1.35977276867 22453111
468 1.35821805491 22453111
469 1.35665658796 22453111
470 1.35514130944 22453111
471 1.35358799624 22453111
472 1.35202764866 22453111
473 1.35048652761 22453111
474 1.34899089219 22453111
475 1.34745132995 22453111
476 1.34593527085 22453111
477 1.34442083798 22453111
478 1.34286344994 22453111
479 1.34134132359 22453111
480 1.33978367659 22453111
481 1.33823022058 22453111
482 1.33672873257 22453111
483 1.33516805859 22453111
484 1.33365538954 22453111
485 1.33212463647 22453111
486 1.33054184676 22453111
487 1.32903933233 22453111
488 1.32756919365 22453111
489 1.32602963981 22453111
490 1.32448487774 22453111
491 1.3229768512 22453111
492 1.32146241166 22453111
493 1.31991649847 22453111
494 1.31841039828 22453111
495 1.31687852991 22453111
496 1.31534043647 22453111
497 1.31387754955 22453111
498 1.31238566377 22453111
499 1.3108691343 22453111
500 1.30938598337 22453111
501 1.30788623087 22453111
502 1.30643587234 22453111
503 1.30493238943 22453111
504 1.3034479389 22453111
505 1.30198691419 22453111
506 1.30052236053 22453111
507 1.29904513337 22453111
508 1.29762136733 22453111
509 1.29613959521 22453111
510 1.29467979819 22453111
511 1.29317197662 22453111
512 1.29172757109 22453111
513 1.29023492199 22453111
514 1.28880337818 22453111
515 1.28735079785 22453111
516 1.28587661004 22453111
517 1.2844321687 22453111
518 1.2829690644 22453111
519 1.28149999128 22453111
520 1.28005127108 22453111
521 1.2785787665 22453111
522 1.27712861914 22453111
523 1.27569138753 22453111
524 1.27424477013 22453111
525 1.27281258123 22453111
526 1.27134588127 22453111
527 1.26990425429 22453111
528 1.26848668018 22453111
529 1.26705019995 22453111
530 1.26560952907 22453111
531 1.2641556734 22453111
532 1.2627091399 22453111
533 1.26125128658 22453111
534 1.25978874781 22453111
535 1.2583598119 22453111
536 1.25696093501 22453111
537 1.25553601817 22453111
538 1.2541314467 22453111
539 1.25269905901 22453111
540 1.25127495572 22453111
541 1.24990447482 22453111
542 1.2484948422 22453111
543 1.24707971434 22453111
544 1.24567121185 22453111
545 1.24428651219 22453111
546 1.24288432518 22453111
547 1.24149737446 22453111
548 1.24008973905 22453111
549 1.23868560886 22453111
550 1.23729178593 22453111
551 1.23587344471 22453111
552 1.2344754613 22453111
553 1.23305768636 22453111
554 1.23170199117 22453111
555 1.23030271791 22453111
556 1.22886960853 22453111
557 1.22749332752 22453111
558 1.22607817633 22453111
559 1.22470393609 22453111
560 1.22331248846 22453111
561 1.22193496555 22453111
562 1.2205584108 22453111
563 1.21916568009 22453111
564 1.21775466118 22453111
565 1.21635886056 22453111
566 1.21498308383 22453111
567 1.21363822385 22453111
568 1.21228933909 22453111
569 1.21090303841 22453111
570 1.20953126078 22453111
571 1.20820902604 22453111
572 1.20685016356 22453111
573 1.20549140186 22453111
574 1.20415448813 22453111
575 1.20282015204 22453111
576 1.20148969641 22453111
577 1.20014483334 22453111
578 1.19879447971 22453111
579 1.19745468208 22453111
580 1.19610860557 22453111
581 1.19477000046 22453111
582 1.19338959463 22453111
583 1.19204548007 22453111
584 1.19066991971 22453111
585 1.18932652244 22453111
586 1.18800730011 22453111
587 1.18664399263 22453111
588 1.18533313539 22453111
589 1.18395286707 22453111
590 1.18262812992 22453111
591 1.18129136129 22453111
592 1.17997313418 22453111
593 1.17861868276 22453111
594 1.17729463242 22453111
595 1.17595104667 22453111
596 1.17463923404 22453111
597 1.17333201667 22453111
598 1.17198886613 22453111
599 1.1706987114 22453111
600 1.16938130262 22453111
601 1.16807698523 22453111
602 1.16676174607 22453111
603 1.16545628645 22453111
604 1.1641635008 22453111
605 1.16286627044 22453111
606 1.16159708303 22453111
607 1.1603103744 22453111
608 1.15901284433 22453111
609 1.15772004317 22453111
610 1.15641341264 22453111
611 1.15510031811 22453111
612 1.15382612589 22453111
613 1.15253561121 22453111
614 1.1512608208 22453111
615 1.14995663734 22453111
616 1.14867884593 22453111
617 1.14738815645 22453111
618 1.14610828304 22453111
619 1.14484785193 22453111
620 1.14358259768 22453111
621 1.14231148022 22453111
622 1.14106264928 22453111
623 1.13979229968 22453111
624 1.13856973843 22453111
625 1.13732557258 22453111
626 1.13605914193 22453111
627 1.13477223181 22453111
628 1.13351921291 22453111
629 1.13226081834 22453111
630 1.13101149524 22453111
631 1.12974176519 22453111
632 1.12850030282 22453111
633 1.12724278521 22453111
634 1.12598308043 22453111
635 1.12470603539 22453111
636 1.12346869942 22453111
637 1.12218873661 22453111
638 1.12091441452 22453111
639 1.11966483701 22453111
640 1.11842327512 22453111
641 1.11717628204 22453111
642 1.11590759678 22453111
643 1.1146546259 22453111
644 1.1134242384 22453111
645 1.1121509045 22453111
646 1.11091886308 22453111
647 1.10968546956 22453111
648 1.10846461644 22453111
649 1.10723150451 22453111
650 1.10601188588 22453111
651 1.10477896293 22453111
652 1.1035642802 22453111
653 1.10236000287 22453111
654 1.1011292104 22453111
655 1.09993057622 22453111
656 1.09869743344 22453111
657 1.09748311515 22453111
658 1.09627457057 22453111
659 1.09500852071 22453111
660 1.09377593797 22453111
661 1.09257360498 22453111
662 1.09136932146 22453111
663 1.09018208747 22453111
664 1.08898059536 22453111
665 1.08778304165 22453111
666 1.08655974907 22453111
667 1.08535425253 22453111
668 1.08414047151 22453111
669 1.08291556565 22453111
670 1.08172949906 22453111
671 1.08056287388 22453111
672 1.07937881596 22453111
673 1.07819003097 22453111
674 1.07699150789 22453111
675 1.07581264186 22453111
676 1.07459731904 22453111
677 1.07340748309 22453111
678 1.07219611176 22453111
679 1.07099444667 22453111
680 1.06980923964 22453111
681 1.06865054787 22453111
682 1.06744843967 22453111
683 1.06626963993 22453111
684 1.06510633336 22453111
685 1.06394735725 22453111
686 1.06277707231 22453111
687 1.0615962266 22453111
688 1.06039902546 22453111
689 1.05923082474 22453111
690 1.0580939269 22453111
691 1.05693666256 22453111
692 1.05574394757 22453111
693 1.05461513644 22453111
694 1.05345159908 22453111
695 1.05230025531 22453111
696 1.05111917002 22453111
697 1.04996635166 22453111
698 1.04879074469 22453111
699 1.0476234864 22453111
700 1.04648686082 22453111
701 1.04533930936 22453111
702 1.04419001859 22453111
703 1.04307201532 22453111
704 1.04190032789 22453111
705 1.04073399134 22453111
706 1.03959986802 22453111
707 1.03846321141 22453111
708 1.03733221464 22453111
709 1.03618020578 22453111
710 1.03505070736 22453111
711 1.03390193944 22453111
712 1.03276278013 22453111
713 1.03163649543 22453111
714 1.03053680981 22453111
715 1.02942671094 22453111
716 1.028291638 22453111
717 1.02715779122 22453111
718 1.02603054444 22453111
719 1.02490462254 22453111
720 1.02379559799 22453111
721 1.02266888701 22453111
722 1.02156328075 22453111
723 1.02046775643 22453111
724 1.01935067612 22453111
725 1.01820048531 22453111
726 1.01707762604 22453111
727 1.01599403422 22453111
728 1.01486601036 22453111
729 1.01371871016 22453111
730 1.01259116646 22453111
731 1.01145440247 22453111
732 1.01034536846 22453111
733 1.00924608175 22453111
734 1.00815749241 22453111
735 1.00707122064 22453111
736 1.00596433098 22453111
737 1.00486835123 22453111
738 1.00377931596 22453111
739 1.00268836322 22453111
740 1.00160141144 22453111
741 1.00050086581 22453111
742 0.99941619009 22453111
743 0.998332268597 22453111
744 0.997271859439 22453111
745 0.996203201548 22453111
746 0.995110648134 22453111
747 0.994014918067 22453111
748 0.992923026669 22453111
749 0.991855157693 22453111
750 0.990754122232 22453111
751 0.989655802997 22453111
752 0.988543848776 22453111
753 0.987447744134 22453111
754 0.986381500745 22453111
755 0.985279398762 22453111
756 0.984197817498 22453111
757 0.983140848939 22453111
758 0.982074378551 22453111
759 0.98102770956 22453111
760 0.979973430167 22453111
761 0.97890188845 22453111
762 0.977832257659 22453111
763 0.976769822777 22453111
764 0.975695780594 22453111
765 0.974630700388 22453111
766 0.973573377023 22453111
767 0.972499491586 22453111
768 0.97142250075 22453111
769 0.970378183369 22453111
770 0.969313122645 22453111
771 0.968250462157 22453111
772 0.967171023692 22453111
773 0.966101539458 22453111
774 0.965038186057 22453111
775 0.96396535104 22453111
776 0.962905649078 22453111
777 0.961864676159 22453111
778 0.960802720021 22453111
779 0.959745779714 22453111
780 0.958709395578 22453111
781 0.957667772025 22453111
782 0.956610824115 22453111
783 0.955584377153 22453111
784 0.954527177599 22453111
785 0.953497678802 22453111
786 0.952467707365 22453111
787 0.951429061159 22453111
788 0.950400548922 22453111
789 0.949372195039 22453111
790 0.948339705495 22453111
791 0.947299831108 22453111
792 0.94627407015 22453111
793 0.945234344299 22453111
794 0.944207796602 22453111
795 0.943168652594 22453111
796 0.942142181911 22453111
797 0.941119724857 22453111
798 0.940085939687 22453111
799 0.939111658046 22453111
800 0.93811548922 22453111
801 0.937095987983 22453111
802 0.936087902414 22453111
803 0.935066758201 22453111
804 0.93406383481 22453111
805 0.933039161396 22453111
806 0.932043620362 22453111
807 0.931017222485 22453111
808 0.929985283518 22453111
809 0.928993065079 22453111
810 0.927993399914 22453111
811 0.926988467181 22453111
812 0.925962887342 22453111
813 0.924958003263 22453111
814 0.923974432948 22453111
815 0.92297449558 22453111
816 0.921983516937 22453111
817 0.920943743464 22453111
818 0.919937595206 22453111
819 0.918920074422 22453111
820 0.917909167912 22453111
821 0.916927516236 22453111
822 0.915913556768 22453111
823 0.914935203072 22453111
824 0.913929506036 22453111
825 0.912936382291 22453111
826 0.911963826682 22453111
827 0.910975795549 22453111
828 0.90999944854 22453111
829 0.909016822632 22453111
830 0.908048010501 22453111
831 0.907069154565 22453111
832 0.906089744068 22453111
833 0.905115871137 22453111
834 0.904131223985 22453111
835 0.903124584944 22453111
836 0.902167902766 22453111
837 0.90120435926 22453111
838 0.900215088797 22453111
839 0.899222982996 22453111
840 0.898280477691 22453111
841 0.897317975645 22453111
842 0.896376185654 22453111
843 0.895435673018 22453111
844 0.894473540159 22453111
845 0.893509047025 22453111
846 0.892521006537 22453111
847 0.891553467389 22453111
848 0.890591836486 22453111
849 0.889658601654 22453111
850 0.888705387035 22453111
851 0.887755606816 22453111
852 0.886799975806 22453111
853 0.885853444699 22453111
854 0.884908662625 22453111
855 0.883955520731 22453111
856 0.8830096513 22453111
857 0.882045149619 22453111
858 0.881105838138 22453111
859 0.880171134991 22453111
860 0.879238023766 22453111
861 0.878310203431 22453111
862 0.877365639996 22453111
863 0.876419574303 22453111
864 0.875481287542 22453111
865 0.874542292426 22453111
866 0.873631966214 22453111
867 0.872679493437 22453111
868 0.87174239006 22453111
869 0.870807946754 22453111
870 0.869875138579 22453111
871 0.868940554796 22453111
872 0.867979645228 22453111
873 0.867065884235 22453111
874 0.86615601765 22453111
875 0.865217473135 22453111
876 0.864278969853 22453111
877 0.863332751993 22453111
878 0.86239411709 22453111
879 0.861480698965 22453111
880 0.860549810743 22453111
881 0.859627113674 22453111
882 0.858712773998 22453111
883 0.857788364262 22453111
884 0.856888837934 22453111
885 0.855967002687 22453111
886 0.855080386666 22453111
887 0.854172457326 22453111
888 0.853273705478 22453111
889 0.852366561647 22453111
890 0.851466730349 22453111
891 0.850555966366 22453111
892 0.849667446031 22453111
893 0.848754511928 22453111
894 0.847856503388 22453111
895 0.846956284708 22453111
896 0.846075002767 22453111
897 0.845194972665 22453111
898 0.844295356921 22453111
899 0.843386099 22453111
900 0.842467383322 22453111
901 0.841570551718 22453111
902 0.840675714024 22453111
903 0.839770042528 22453111
904 0.838845726214 22453111
905 0.837924180866 22453111
906 0.837015162971 22453111
907 0.836149919518 22453111
908 0.835278225954 22453111
909 0.834389618988 22453111
910 0.833528384584 22453111
911 0.832628596993 22453111
912 0.831754621751 22453111
913 0.830868856173 22453111
914 0.829993854369 22453111
915 0.82911651165 22453111
916 0.828226996028 22453111
917 0.827343191624 22453111
918 0.826477171169 22453111
919 0.82559446643 22453111
920 0.824705187796 22453111
921 0.823833963674 22453111
922 0.822953868589 22453111
923 0.822085749657 22453111
924 0.821197963086 22453111
925 0.820325535791 22453111
926 0.819465460528 22453111
927 0.818603274486 22453111
928 0.817736579984 22453111
929 0.816855623681 22453111
930 0.81598312406 22453111
931 0.815112641172 22453111
932 0.814254357279 22453111
933 0.813396887514 22453111
934 0.812530347531 22453111
935 0.811673741926 22453111
936 0.810816991866 22453111
937 0.809932595578 22453111
938 0.809070229789 22453111
939 0.808235912013 22453111
940 0.807379877967 22453111
941 0.806517663242 22453111
942 0.805676043879 22453111
943 0.804794401403 22453111
944 0.803923270006 22453111
945 0.803078473079 22453111
946 0.802235712949 22453111
947 0.801386990195 22453111
948 0.800549930277 22453111
949 0.799697584856 22453111
950 0.798848099163 22453111
951 0.798005476488 22453111
952 0.797159856907 22453111
953 0.796307930822 22453111
954 0.795451787601 22453111
955 0.794623049977 22453111
956 0.793765666851 22453111
957 0.792936847943 22453111
958 0.792093434183 22453111
959 0.7912631569 22453111
960 0.790415899799 22453111
961 0.789587269214 22453111
962 0.788762407228 22453111
963 0.787923155002 22453111
964 0.787093462709 22453111
965 0.786266460261 22453111
966 0.785414525484 22453111
967 0.784581354538 22453111
968 0.783769825964 22453111
969 0.782978845974 22453111
970 0.782131965762 22453111
971 0.781312464883 22453111
972 0.780489807704 22453111
973 0.779665312253 22453111
974 0.778840420787 22453111
975 0.778034598936 22453111
976 0.777201831382 22453111
977 0.776394490283 22453111
978 0.775579695807 22453111
979 0.77476608034 22453111
980 0.773982236948 22453111
981 0.773142700462 22453111
982 0.772330999578 22453111
983 0.771527135597 22453111
984 0.770713732406 22453111
985 0.769918245547 22453111
986 0.769106010066 22453111
987 0.76829620987 22453111
988 0.767482624377 22453111
989 0.766684037047 22453111
990 0.765909423562 22453111
991 0.765117183466 22453111
992 0.764325028264 22453111
993 0.763505934344 22453111
994 0.762730771619 22453111
995 0.761929716084 22453111
996 0.761164000518 22453111
997 0.760359923954 22453111
998 0.759558052952 22453111
999 0.758753861227 22453111
3953 0.243934724343 22869872
