20.4264268875 1.11280792265 1.13024567605
24.0288219452 0.997588674679 1.02244051638
23.0651597977 0.958548461071 0.989691984172
22.7435588837 0.938060390472 0.97513887942
22.3644180298 0.924462126001 0.967189519091
21.697111845 0.914187774759 0.962293356913
21.8576831818 0.905814007934 0.959044549336
21.8144390583 0.898661464457 0.956784951732
22.3097879887 0.8923600823 0.955166642223
20.2373578548 0.886686725497 0.953987756473
20.2812991142 0.881495752585 0.953122281223
20.3415191174 0.876685991614 0.952486815178
19.8068630695 0.87218360591 0.952023478969
19.2549359798 0.867932540676 0.951690507547
18.2039380074 0.863888867378 0.951456768322
18.1033890247 0.860017264635 0.951298411737
18.1648812294 0.85628873638 0.95119674265
18.0771331787 0.852679081188 0.951136823019
18.3416330814 0.849167836507 0.951106530038
18.0208940506 0.84573753362 0.951095907504
18.1525690556 0.842373161849 0.951096711317
18.2350480556 0.839061777009 0.951102086447
18.1556401253 0.83579221104 0.951106334538
18.0762600899 0.832554853478 0.951104744687
18.5839061737 0.829341484081 0.951093468489
18.2898321152 0.826145141688 0.951069425906
18.0854361057 0.822960018219 0.951030232198
18.2244100571 0.819781369387 0.950974138678
18.1094739437 0.816605435664 0.950899981795
18.1365859509 0.813429368517 0.950807136459
18.3487980366 0.810251158211 0.95069547053
18.5611758232 0.807069560535 0.950565298347
19.2197110653 0.80388402086 0.950417332008
19.8471910954 0.800694594861 0.950252629824
18.8193309307 0.797501866126 0.95007254208
18.5902519226 0.794306861608 0.949878654828
18.979184866 0.791110966497 0.949672732852
18.7063770294 0.787915840496 0.949456663324
18.796890974 0.784723337625 0.949232401738
18.805585146 0.781535431701 0.949001921741
19.3943960667 0.778354149305 0.948767170238
18.4837839603 0.775181511695 0.948530028866
18.3180649281 0.772019486545 0.948292282521
21.027575016 0.768869949842 0.948055595202
21.4141631126 0.765734657728 0.947821493023
20.9729478359 0.762615227594 0.947591353902
19.0990281105 0.759513127393 0.947366403159
19.7569961548 0.756429671886 0.947147714098
19.5154111385 0.753366024473 0.946936212568
19.774285078 0.750323203237 0.946732684492
21.1050469875 0.747302089947 0.946537785456
22.6908628941 0.744303440915 0.946352051531
21.9686629772 0.741327898804 0.946175910664
21.5329911709 0.738376004644 0.946009694102
23.5508079529 0.735448209553 0.945853647464
20.5131130219 0.732544885775 0.945707941191
22.5049409866 0.729666336815 0.945572680201
21.0158960819 0.726812806557 0.945447912668
19.0053701401 0.723984487322 0.945333637905
20.2931699753 0.721181526897 0.945229813363
23.9117708206 0.718404034594 0.94513636079
22.2112791538 0.715652086427 0.945053171638
21.2170901299 0.712925729494 0.944980111757
19.300150156 0.710224985677 0.944917025485
20.0200250149 0.707549854745 0.944863739184
18.670855999 0.704900316949 0.944820064302
