24.4707701206 1.52732427341
24.5536038876 0.939706355709
21.3999669552 0.909566085589
24.193379879 0.887033379956
23.7753510475 0.866387375056
21.6094307899 0.848907099215
21.8763949871 0.833930743295
21.3440001011 0.821039945359
21.5768210888 0.809933845733
24.4632818699 0.800341374235
22.7402720451 0.792020246275
24.5997021198 0.784763108314
23.3294570446 0.77839746101
320.2966980934 0.772781637334
20.8961908817 0.767799696217
22.3877139091 0.763356612736
20.252270937 0.759374212164
20.2902970314 0.755787879931
20.7899870872 0.752543939749
22.4296851158 0.749597570188
22.0521941185 0.74691114647
22.1049149036 0.744452917116
20.5577869415 0.742195944865
20.3724458218 0.740117256675
22.049929142 0.738197159434
20.1615769863 0.736418687186
19.6778922081 0.73476715292
20.8675448895 0.733229783672
26.0758340359 0.731795422187
30.3799099922 0.730454281908
23.4423620701 0.729197744842
22.975620985 0.728018194015
22.9971110821 0.726908873924
23.0602381229 0.725863773754
26.2956540585 0.724877529151
21.3703839779 0.723945339218
29.0252649784 0.723062896011
27.3729281425 0.722226324394
26.7842350006 0.72143213047
28.2665569782 0.720677157189
