1.32924103737 3.08463231869
1.44265508652 2.71329203715
1.34357881546 2.6350362924
1.17152714729 2.61437491407
1.12453699112 2.61028166841
1.07730793953 2.60941084889
1.10661387444 2.60907568234
1.22860002518 2.60891223544
1.13644385338 2.60881764158
1.29354906082 2.60875574993
1.18879413605 2.60871161214
1.2136759758 2.60867795029
1.3272550106 2.60865074423
1.15937685966 2.60862760808
1.20845508575 2.60860708904
1.34832692146 2.60858830775
1.00109791756 2.60857074726
1.11327815056 2.60855411903
1.3359849453 2.60853827523
1.1656730175 2.60852315105
1.34197497368 2.60850872723
1.04935097694 2.60849500636
0.996716976166 2.60848199838
1.0544090271 2.60846971232
0.94530582428 2.60845815188
0.961927890778 2.60844731367
0.917559146881 2.60843718695
1.00354409218 2.60842775418
1.06821703911 2.60841899207
1.01113080978 2.60841087279
0.920523166656 2.60840336519
1.15480995178 2.60839643589
1.06955289841 2.60839005026
1.22674298286 2.60838417327
1.21496701241 2.60837877012
1.18140411377 2.60837380681
1.10917878151 2.60836925046
1.01295304298 2.60836506967
1.24049091339 2.60836123466
1.14476108551 2.60835771739
1.00567412376 2.60835449165
0.996481895447 2.608351533
1.00560998917 2.60834881881
0.936340808868 2.60834632818
0.955575942993 2.60834404183
0.96520614624 2.60834194209
0.966796875 2.60834001274
1.08674001694 2.60833823895
1.00898694992 2.60833660717
0.927917003632 2.60833510504
0.96001791954 2.60833372129
0.959115028381 2.60833244566
1.05034017563 2.60833126882
0.958837985992 2.60833018227
0.944681882858 2.60832917828
1.0598461628 2.60832824985
1.01214504242 2.60832739057
0.984409093857 2.60832659465
0.975136041641 2.60832585681
1.05555391312 2.60832517224
1.05211997032 2.60832453659
0.933620929718 2.60832394588
1.0342400074 2.60832339649
0.94381403923 2.60832288513
0.930675029755 2.60832240879
1.00027108192 2.60832196473
1.1064620018 2.60832155047
0.960621118546 2.60832116371
1.0812690258 2.60832080237
0.940306901932 2.60832046455
1.00966501236 2.6083201485
1.00679397583 2.60831985262
0.961498975754 2.60831957546
1.02209401131 2.60831931567
1.0655810833 2.60831907202
1.19694590569 2.60831884337
1.37845993042 2.60831862868
1.39714694023 2.608318427
1.4331600666 2.60831823744
1.42515206337 2.60831805918
1.3579120636 2.60831789148
1.42503714561 2.60831773364
1.31333088875 2.60831758502
1.39513492584 2.60831744502
1.02256798744 2.60831731309
1.4152328968 2.60831718873
1.34637188911 2.60831707145
1.10151314735 2.60831696081
1.4055390358 2.60831685642
1.25671410561 2.60831675788
1.31744003296 2.60831666484
1.03582406044 2.60831657698
1.11903095245 2.60831649397
1.15150904655 2.60831641555
1.02093076706 2.60831634143
1.02499103546 2.60831627137
1.09192180634 2.60831620513
1.11929798126 2.60831614249
1.13008618355 2.60831608324
1.04368495941 2.60831602719
1.15297007561 2.60831597417
1.12427091599 2.608315924
1.01831102371 2.60831587651
1.09250593185 2.60831583157
1.07491397858 2.60831578903
1.07295918465 2.60831574875
1.02379798889 2.60831571062
1.14994096756 2.60831567451
1.23990607262 2.60831564032
1.07223296165 2.60831560794
1.22940707207 2.60831557727
1.17005205154 2.60831554822
1.21358513832 2.6083155207
1.17223286629 2.60831549463
1.06086397171 2.60831546993
1.15511703491 2.60831544653
1.21213507652 2.60831542436
1.15164995193 2.60831540335
1.13280010223 2.60831538345
1.09301996231 2.60831536459
1.16228103638 2.60831534672
1.02950882912 2.60831532978
1.10515713692 2.60831531373
1.13506889343 2.60831529851
1.01809406281 2.6083152841
1.31116890907 2.60831527043
1.3173828125 2.60831525748
1.43038487434 2.60831524521
1.1985449791 2.60831523358
1.29760503769 2.60831522255
1.23952102661 2.6083152121
1.29510807991 2.6083152022
1.35617184639 2.60831519281
1.49603700638 2.60831518391
1.26219081879 2.60831517548
1.04380822182 2.60831516748
1.31401205063 2.60831515991
1.24317884445 2.60831515272
1.39937710762 2.60831514591
1.30718111992 2.60831513946
1.13099789619 2.60831513334
1.14678812027 2.60831512755
1.45561099052 2.60831512205
1.41328001022 2.60831511684
1.4432489872 2.6083151119
1.32408308983 2.60831510722
1.30287098885 2.60831510279
1.36320495605 2.60831509858
1.56177997589 2.6083150946
1.27422380447 2.60831509082
1.29667019844 2.60831508724
1.29660892487 2.60831508385
1.23510909081 2.60831508063
1.10578608513 2.60831507758
1.18564987183 2.60831507469
1.27660894394 2.60831507195
1.40370583534 2.60831506936
1.1972720623 2.60831506689
1.15563488007 2.60831506456
1.36020278931 2.60831506235
1.53291106224 2.60831506026
1.3295571804 2.60831505827
1.07542896271 2.60831505639
1.27770400047 2.6083150546
1.12058591843 2.60831505291
1.33505797386 2.60831505131
1.25419092178 2.60831504979
1.33163118362 2.60831504835
1.22713708878 2.60831504699
1.0979218483 2.6083150457
1.15677499771 2.60831504447
0.929121017456 2.60831504331
1.02370095253 2.60831504221
0.96820807457 2.60831504117
1.08116006851 2.60831504018
1.19448804855 2.60831503924
1.00874400139 2.60831503835
1.07042312622 2.60831503751
1.10522508621 2.60831503671
1.1945579052 2.60831503596
1.10670495033 2.60831503524
1.16564893723 2.60831503456
1.07109618187 2.60831503392
1.16847705841 2.60831503331
1.02340006828 2.60831503273
0.968194007874 2.60831503218
1.38050580025 2.60831503167
1.15973496437 2.60831503117
0.992331981659 2.60831503071
1.05515599251 2.60831503027
1.1552529335 2.60831502985
1.06709218025 2.60831502945
1.07128691673 2.60831502907
1.11295604706 2.60831502872
1.06183505058 2.60831502838
1.11392498016 2.60831502806
1.27230596542 2.60831502776
1.09683609009 2.60831502747
1.16267585754 2.6083150272
1.23082685471 2.60831502694
1.15084600449 2.6083150267
1.0773370266 2.60831502647
1.32976579666 2.60831502625
1.13967299461 2.60831502604
1.19487094879 2.60831502584
1.32053208351 2.60831502565
1.30652093887 2.60831502548
1.04812908173 2.60831502531
1.17233300209 2.60831502515
1.27302193642 2.608315025
0.981376171112 2.60831502486
1.03534197807 2.60831502472
1.1294169426 2.60831502459
1.1486120224 2.60831502447
1.14971399307 2.60831502436
1.15709495544 2.60831502425
1.0273141861 2.60831502414
0.98566198349 2.60831502405
0.962913990021 2.60831502395
1.3241109848 2.60831502387
1.3191819191 2.60831502378
1.04744505882 2.6083150237
0.971462011337 2.60831502363
1.10121703148 2.60831502356
1.1135160923 2.60831502349
1.17680907249 2.60831502343
1.33440279961 2.60831502337
1.25743198395 2.60831502331
1.25809693336 2.60831502326
1.2027759552 2.6083150232
1.12101483345 2.60831502316
1.21745204926 2.60831502311
1.11489892006 2.60831502307
1.1004679203 2.60831502303
1.43255376816 2.60831502299
1.28350019455 2.60831502295
1.41696405411 2.60831502291
1.39516401291 2.60831502288
1.20678305626 2.60831502285
1.01356506348 2.60831502282
1.11617588997 2.60831502279
1.00550317764 2.60831502276
1.16093993187 2.60831502274
1.22078418732 2.60831502271
1.26585316658 2.60831502269
1.02531003952 2.60831502267
1.33247303963 2.60831502265
0.982422113419 2.60831502263
1.31885004044 2.60831502261
1.08476519585 2.60831502259
1.05291199684 2.60831502258
1.32538104057 2.60831502256
1.14472293854 2.60831502255
1.0302939415 2.60831502253
1.1011929512 2.60831502252
0.952603816986 2.60831502251
1.09200787544 2.60831502249
1.13169288635 2.60831502248
1.05492591858 2.60831502247
1.07278800011 2.60831502246
1.05663084984 2.60831502245
0.941513061523 2.60831502244
1.12395691872 2.60831502243
1.07407712936 2.60831502243
0.937249898911 2.60831502242
1.20956301689 2.60831502241
1.08885192871 2.6083150224
1.22229909897 2.6083150224
1.14210486412 2.60831502239
1.24434995651 2.60831502239
1.16127204895 2.60831502238
1.1869328022 2.60831502237
1.18768501282 2.60831502237
1.29802298546 2.60831502236
1.43255615234 2.60831502236
1.31382799149 2.60831502236
1.21945309639 2.60831502235
1.28905510902 2.60831502235
1.41904592514 2.60831502234
1.18781495094 2.60831502234
1.54000306129 2.60831502234
1.59916687012 2.60831502233
1.25458884239 2.60831502233
1.27425885201 2.60831502233
1.29143500328 2.60831502233
1.08105111122 2.60831502232
1.12011384964 2.60831502232
1.14766001701 2.60831502232
1.3267390728 2.60831502232
1.31141400337 2.60831502231
1.30510592461 2.60831502231
1.2159101963 2.60831502231
1.46092700958 2.60831502231
1.47517180443 2.60831502231
